0
0
0
40
0
0
40
0
0
40
40
0
40
40
0
0
40
0
0
40
0
0
0
0
0
0
40
40
0
40
40
0
40
40
40
40
40
40
40
0
40
40
0
40
40
0
0
40
0
0
0
0
0
40
40
0
0
40
0
40
40
40
0
40
40
40
0
40
0
0
40
40



0
5
0
-10
0
10
0
5
0
10
0
10
0
5
0
0
10
10
-10
0
10
10
0
10
10
0
10
0
10
10
0
10
10
-10
0
10






0
0
0
0
0
15
0
0
15
10
0
15
10
0
15
10
0
0
10
0
0
0
0
0
10
20
8
10
20
15
10
20
15
0
20
15
0
20
15
0
20
8
0
20
8
0
5
0
0
5
0
10
5
0
10
5
0
10
20
8
0
0
0
0
5
0
0
0
15
0
20
15
10
0
15
10
20
15
10
0
0
10
5
0
10
20
8
0
20
8